image,calling,normal,smoking,smoking_calling
1.jpg,0.001724,0.998189,0.000084,0.000003
10.jpg,0.000269,0.999681,0.000049,0.000001
100.jpg,0.996070,0.003435,0.000394,0.000102
1000.jpg,0.998216,0.000269,0.001000,0.000516
1001.jpg,0.753971,0.003589,0.006042,0.236399
1002.jpg,0.000022,0.998680,0.000833,0.000465
1003.jpg,0.003253,0.006691,0.512565,0.477491
1004.jpg,0.002222,0.997665,0.000098,0.000014
1005.jpg,0.000203,0.996266,0.002488,0.001043
1006.jpg,0.011056,0.837225,0.150578,0.001141
1007.jpg,0.007274,0.002542,0.206966,0.783218
1008.jpg,0.996988,0.002888,0.000105,0.000019
1009.jpg,0.997499,0.000590,0.000557,0.001354
101.jpg,0.002560,0.038042,0.589843,0.369556
1010.jpg,0.988044,0.008212,0.003422,0.000322
1011.jpg,0.000900,0.998283,0.000812,0.000005
1012.jpg,0.000114,0.000956,0.207929,0.791001
1013.jpg,0.998242,0.000886,0.000761,0.000111
1014.jpg,0.000105,0.000140,0.001485,0.998270
1015.jpg,0.026694,0.972857,0.000437,0.000011
1016.jpg,0.000291,0.000014,0.001715,0.997980
1017.jpg,0.019967,0.969626,0.008394,0.002013
1018.jpg,0.012327,0.971972,0.015700,0.000001
1019.jpg,0.999062,0.000611,0.000298,0.000030
102.jpg,0.998563,0.000373,0.000694,0.000370
1020.jpg,0.000990,0.039769,0.787312,0.171929
1021.jpg,0.997711,0.000491,0.001395,0.000403
1022.jpg,0.016529,0.980833,0.002448,0.000190
1023.jpg,0.001128,0.000734,0.954237,0.043901
1024.jpg,0.199996,0.401604,0.398126,0.000274
1025.jpg,0.000343,0.999331,0.000239,0.000087
1026.jpg,0.596163,0.398441,0.003976,0.001421
1027.jpg,0.003828,0.990940,0.003844,0.001388
1028.jpg,0.000116,0.007684,0.073518,0.918682
1029.jpg,0.000258,0.000817,0.069705,0.929219
103.jpg,0.998281,0.000299,0.000179,0.001241
1030.jpg,0.000059,0.998144,0.001715,0.000083
1031.jpg,0.000773,0.999199,0.000028,0.000000
1032.jpg,0.000481,0.002275,0.996000,0.001244
1033.jpg,0.998388,0.000129,0.000560,0.000923
1034.jpg,0.997313,0.001206,0.000612,0.000869
1035.jpg,0.994416,0.001221,0.004090,0.000273
1036.jpg,0.000470,0.999272,0.000258,0.000001
1037.jpg,0.994579,0.003892,0.000543,0.000987
1038.jpg,0.997980,0.001841,0.000140,0.000039
1039.jpg,0.000059,0.000321,0.000824,0.998797
104.jpg,0.000730,0.000040,0.066554,0.932676
1040.jpg,0.000184,0.999778,0.000031,0.000007
1041.jpg,0.000075,0.999541,0.000383,0.000001
1042.jpg,0.001166,0.000020,0.266976,0.731837
1043.jpg,0.003188,0.000075,0.000647,0.996090
1044.jpg,0.000274,0.015652,0.972619,0.011455
1045.jpg,0.000441,0.112438,0.409449,0.477672
1046.jpg,0.999252,0.000596,0.000125,0.000027
1047.jpg,0.001578,0.010031,0.884514,0.103876
1048.jpg,0.000733,0.999137,0.000129,0.000000
1049.jpg,0.001814,0.997737,0.000446,0.000003
105.jpg,0.001138,0.014046,0.865076,0.119740
1050.jpg,0.998858,0.000492,0.000112,0.000538
1051.jpg,0.996251,0.000079,0.003553,0.000116
1052.jpg,0.000083,0.000079,0.000253,0.999586
1053.jpg,0.006682,0.000232,0.089648,0.903437
1054.jpg,0.000054,0.000000,0.000065,0.999881
1055.jpg,0.000876,0.999094,0.000027,0.000002
1056.jpg,0.999660,0.000016,0.000140,0.000185
1057.jpg,0.006665,0.993231,0.000101,0.000002
1058.jpg,0.002394,0.997428,0.000177,0.000001
1059.jpg,0.119043,0.877671,0.003121,0.000166
106.jpg,0.999609,0.000027,0.000267,0.000096
1060.jpg,0.001581,0.018927,0.709889,0.269604
1061.jpg,0.000026,0.998302,0.001666,0.000007
1062.jpg,0.209648,0.784313,0.005956,0.000084
1063.jpg,0.002197,0.995852,0.001866,0.000086
1064.jpg,0.000005,0.000084,0.000202,0.999709
1065.jpg,0.000317,0.002047,0.464304,0.533332
1066.jpg,0.000716,0.998981,0.000285,0.000018
1067.jpg,0.000778,0.001441,0.587008,0.410773
1068.jpg,0.998199,0.000592,0.000591,0.000617
1069.jpg,0.846869,0.151421,0.001602,0.000108
107.jpg,0.997647,0.000191,0.000651,0.001511
1070.jpg,0.000027,0.000132,0.165487,0.834354
1071.jpg,0.003422,0.000404,0.953566,0.042608
1072.jpg,0.001005,0.984117,0.014542,0.000337
1073.jpg,0.002655,0.997249,0.000094,0.000002
1074.jpg,0.947039,0.005766,0.047050,0.000145
1075.jpg,0.035775,0.962530,0.001692,0.000002
1076.jpg,0.009639,0.986552,0.003739,0.000071
1077.jpg,0.997129,0.000228,0.000432,0.002212
1078.jpg,0.000027,0.000009,0.172336,0.827629
1079.jpg,0.997293,0.000225,0.001798,0.000684
108.jpg,0.998159,0.000674,0.000756,0.000410
1080.jpg,0.003834,0.995734,0.000431,0.000001
1081.jpg,0.050516,0.893995,0.054893,0.000597
1082.jpg,0.263272,0.000166,0.529164,0.207399
1083.jpg,0.000060,0.000087,0.004132,0.995721
1084.jpg,0.995595,0.000228,0.003684,0.000494
1085.jpg,0.001891,0.001470,0.947170,0.049469
1086.jpg,0.985733,0.001635,0.012623,0.000009
1087.jpg,0.000108,0.000130,0.994141,0.005621
1088.jpg,0.002968,0.000251,0.209956,0.786824
1089.jpg,0.000057,0.000348,0.918920,0.080675
109.jpg,0.997058,0.002439,0.000239,0.000264
1090.jpg,0.999110,0.000509,0.000090,0.000291
1091.jpg,0.000026,0.997989,0.001977,0.000008
1092.jpg,0.000067,0.008405,0.046653,0.944875
1093.jpg,0.000038,0.000358,0.763916,0.235688
1094.jpg,0.019041,0.977591,0.003313,0.000056
1095.jpg,0.996900,0.002051,0.000971,0.000078
1096.jpg,0.000587,0.996880,0.002523,0.000010
1097.jpg,0.363355,0.563850,0.068158,0.004637
1098.jpg,0.000449,0.069045,0.366883,0.563623
1099.jpg,0.887226,0.004010,0.032026,0.076738
11.jpg,0.001597,0.997806,0.000596,0.000000
110.jpg,0.000229,0.003417,0.935358,0.060996
1100.jpg,0.000098,0.999617,0.000279,0.000007
1101.jpg,0.831577,0.003431,0.164303,0.000690
1102.jpg,0.999020,0.000059,0.000802,0.000119
1103.jpg,0.002310,0.996081,0.001543,0.000065
1104.jpg,0.999378,0.000020,0.000173,0.000429
1105.jpg,0.998639,0.001038,0.000255,0.000067
1106.jpg,0.000071,0.999673,0.000255,0.000002
1107.jpg,0.033205,0.965394,0.001399,0.000002
1108.jpg,0.000255,0.019456,0.946712,0.033577
1109.jpg,0.010027,0.000070,0.031477,0.958425
111.jpg,0.000106,0.999022,0.000805,0.000067
1110.jpg,0.005530,0.003999,0.988009,0.002462
1111.jpg,0.000780,0.997554,0.001643,0.000022
1112.jpg,0.994674,0.004434,0.000760,0.000132
1113.jpg,0.013950,0.979243,0.006468,0.000339
1114.jpg,0.000745,0.996490,0.002247,0.000518
1115.jpg,0.830348,0.160316,0.007653,0.001682
1116.jpg,0.992061,0.006362,0.001112,0.000465
1117.jpg,0.998205,0.000901,0.000475,0.000420
1118.jpg,0.001200,0.000754,0.463817,0.534229
1119.jpg,0.004737,0.984842,0.010383,0.000038
112.jpg,0.000024,0.000012,0.003863,0.996101
1120.jpg,0.000304,0.999372,0.000300,0.000024
1121.jpg,0.000961,0.000032,0.801891,0.197115
1122.jpg,0.033262,0.750474,0.215390,0.000875
1123.jpg,0.000020,0.975821,0.022321,0.001838
1124.jpg,0.004137,0.048436,0.578785,0.368643
1125.jpg,0.008265,0.987800,0.003856,0.000080
1126.jpg,0.005689,0.989956,0.004315,0.000041
1127.jpg,0.000100,0.000045,0.000096,0.999759
1128.jpg,0.000196,0.999105,0.000692,0.000007
1129.jpg,0.000045,0.000018,0.002716,0.997221
113.jpg,0.001613,0.997123,0.000730,0.000534
1130.jpg,0.002734,0.993915,0.003329,0.000022
1131.jpg,0.006275,0.985494,0.008215,0.000016
1132.jpg,0.000384,0.000012,0.080288,0.919315
1133.jpg,0.001033,0.998673,0.000281,0.000012
1134.jpg,0.993880,0.004573,0.000878,0.000669
1135.jpg,0.693642,0.112800,0.193348,0.000210
1136.jpg,0.001737,0.987338,0.010907,0.000019
1137.jpg,0.004292,0.991506,0.004050,0.000151
1138.jpg,0.002196,0.990524,0.007134,0.000146
1139.jpg,0.001204,0.217460,0.487861,0.293475
114.jpg,0.000678,0.059464,0.226733,0.713125
1140.jpg,0.997900,0.000389,0.000137,0.001574
1141.jpg,0.001971,0.997652,0.000362,0.000014
1142.jpg,0.000026,0.000032,0.000727,0.999215
1143.jpg,0.000084,0.000000,0.001742,0.998174
1144.jpg,0.979054,0.009094,0.011328,0.000524
1145.jpg,0.997585,0.000680,0.000220,0.001515
1146.jpg,0.000129,0.000316,0.919046,0.080509
1147.jpg,0.000229,0.000268,0.983172,0.016331
1148.jpg,0.994972,0.003868,0.000172,0.000989
1149.jpg,0.000200,0.999335,0.000461,0.000004
115.jpg,0.000082,0.000122,0.112978,0.886819
1150.jpg,0.000536,0.998703,0.000366,0.000395
1151.jpg,0.003703,0.996161,0.000123,0.000013
1152.jpg,0.998612,0.001083,0.000186,0.000119
1153.jpg,0.000270,0.000379,0.990061,0.009290
1154.jpg,0.000715,0.038083,0.845868,0.115335
1155.jpg,0.995212,0.001039,0.003361,0.000387
1156.jpg,0.000395,0.999039,0.000525,0.000041
1157.jpg,0.998546,0.000126,0.000432,0.000896
1158.jpg,0.000673,0.008965,0.923821,0.066541
1159.jpg,0.998806,0.000795,0.000345,0.000054
116.jpg,0.000728,0.015977,0.376856,0.606439
1160.jpg,0.000057,0.000177,0.398941,0.600824
1161.jpg,0.001272,0.993195,0.005029,0.000504
1162.jpg,0.001910,0.994416,0.003554,0.000120
1163.jpg,0.000547,0.000073,0.307316,0.692064
1164.jpg,0.015573,0.060070,0.604415,0.319942
1165.jpg,0.000618,0.002142,0.071559,0.925682
1166.jpg,0.004752,0.992516,0.002724,0.000008
1167.jpg,0.997519,0.001329,0.001118,0.000034
1168.jpg,0.000021,0.000009,0.036063,0.963907
1169.jpg,0.998686,0.000186,0.000689,0.000439
117.jpg,0.996581,0.000122,0.000158,0.003139
1170.jpg,0.278861,0.639665,0.081469,0.000006
1171.jpg,0.996019,0.003543,0.000391,0.000047
1172.jpg,0.003429,0.993361,0.003159,0.000051
1173.jpg,0.000469,0.998072,0.001438,0.000021
1174.jpg,0.004670,0.994856,0.000420,0.000054
1175.jpg,0.000605,0.001343,0.965399,0.032653
1176.jpg,0.000217,0.000159,0.004833,0.994791
1177.jpg,0.998660,0.001221,0.000091,0.000029
1178.jpg,0.999205,0.000242,0.000507,0.000047
1179.jpg,0.000711,0.048734,0.797096,0.153460
118.jpg,0.000261,0.000289,0.062157,0.937293
1180.jpg,0.000026,0.000289,0.880286,0.119399
1181.jpg,0.999734,0.000120,0.000107,0.000039
1182.jpg,0.982433,0.004074,0.000453,0.013040
1183.jpg,0.999511,0.000418,0.000061,0.000010
1184.jpg,0.999117,0.000342,0.000426,0.000116
1185.jpg,0.002781,0.995820,0.001223,0.000176
1186.jpg,0.996349,0.001237,0.001918,0.000497
1187.jpg,0.980105,0.012842,0.001060,0.005992
1188.jpg,0.004834,0.992529,0.002577,0.000060
1189.jpg,0.001811,0.000049,0.955814,0.042326
119.jpg,0.000139,0.999659,0.000141,0.000061
1190.jpg,0.030775,0.965654,0.003443,0.000129
1191.jpg,0.000030,0.999211,0.000514,0.000246
1192.jpg,0.996010,0.001507,0.002422,0.000061
1193.jpg,0.000724,0.998391,0.000463,0.000422
1194.jpg,0.000211,0.000533,0.969716,0.029540
1195.jpg,0.000129,0.999575,0.000289,0.000006
1196.jpg,0.083163,0.000606,0.099988,0.816243
1197.jpg,0.997270,0.000416,0.000532,0.001782
1198.jpg,0.000366,0.000476,0.648479,0.350680
1199.jpg,0.999104,0.000235,0.000080,0.000580
12.jpg,0.034108,0.000138,0.034264,0.931490
120.jpg,0.002314,0.986291,0.011199,0.000196
1200.jpg,0.000465,0.995797,0.003132,0.000606
1201.jpg,0.002813,0.985025,0.012147,0.000016
1202.jpg,0.000232,0.999257,0.000506,0.000004
1203.jpg,0.000236,0.998795,0.000742,0.000227
1204.jpg,0.997939,0.001600,0.000331,0.000130
1205.jpg,0.000185,0.006446,0.981822,0.011547
1206.jpg,0.997594,0.000507,0.000812,0.001087
1207.jpg,0.002857,0.002751,0.991828,0.002564
1208.jpg,0.001619,0.000200,0.974393,0.023788
1209.jpg,0.000022,0.001294,0.905351,0.093333
121.jpg,0.001956,0.997089,0.000873,0.000082
1210.jpg,0.015066,0.964907,0.019214,0.000812
1211.jpg,0.045258,0.941581,0.013055,0.000106
1212.jpg,0.001248,0.998382,0.000355,0.000014
1213.jpg,0.001474,0.998132,0.000386,0.000009
1214.jpg,0.000071,0.999190,0.000658,0.000081
1215.jpg,0.000566,0.004057,0.162191,0.833186
1216.jpg,0.002387,0.002637,0.823955,0.171020
1217.jpg,0.000046,0.006942,0.081182,0.911831
1218.jpg,0.002089,0.997527,0.000332,0.000051
1219.jpg,0.000078,0.998297,0.001601,0.000023
122.jpg,0.002818,0.000121,0.004991,0.992070
1220.jpg,0.997785,0.000335,0.000299,0.001581
1221.jpg,0.000386,0.999489,0.000124,0.000000
1222.jpg,0.005464,0.990961,0.003556,0.000020
1223.jpg,0.000469,0.952322,0.046940,0.000269
1224.jpg,0.000223,0.997962,0.001542,0.000272
1225.jpg,0.000008,0.033000,0.745667,0.221324
1226.jpg,0.000351,0.000493,0.183226,0.815931
1227.jpg,0.991969,0.004881,0.002816,0.000333
1228.jpg,0.002617,0.995012,0.002295,0.000075
1229.jpg,0.000238,0.998244,0.001492,0.000026
123.jpg,0.001404,0.000230,0.001726,0.996640
1230.jpg,0.001259,0.000290,0.989242,0.009209
1231.jpg,0.000169,0.999529,0.000297,0.000006
1232.jpg,0.999814,0.000137,0.000030,0.000018
1233.jpg,0.000884,0.998869,0.000244,0.000003
1234.jpg,0.002796,0.996514,0.000186,0.000504
1235.jpg,0.999475,0.000050,0.000310,0.000165
1236.jpg,0.347200,0.025598,0.050021,0.577181
1237.jpg,0.999067,0.000854,0.000047,0.000032
1238.jpg,0.002207,0.003676,0.489290,0.504827
1239.jpg,0.000481,0.000029,0.002628,0.996862
124.jpg,0.993213,0.002721,0.004053,0.000013
1240.jpg,0.999764,0.000063,0.000113,0.000060
1241.jpg,0.995765,0.001698,0.002057,0.000480
1242.jpg,0.000596,0.048239,0.218296,0.732868
1243.jpg,0.001989,0.000017,0.000838,0.997156
1244.jpg,0.002002,0.997575,0.000304,0.000119
1245.jpg,0.000247,0.982387,0.017325,0.000041
1246.jpg,0.000471,0.999233,0.000253,0.000043
1247.jpg,0.001795,0.998018,0.000171,0.000017
1248.jpg,0.251089,0.735935,0.012313,0.000664
1249.jpg,0.000166,0.001093,0.992605,0.006136
125.jpg,0.000536,0.998962,0.000457,0.000044
1250.jpg,0.000572,0.998645,0.000774,0.000009
1251.jpg,0.002135,0.997719,0.000066,0.000080
1252.jpg,0.000039,0.964785,0.034921,0.000255
1253.jpg,0.997995,0.000727,0.001198,0.000079
1254.jpg,0.999141,0.000370,0.000134,0.000355
1255.jpg,0.005571,0.990448,0.003947,0.000034
1256.jpg,0.000960,0.001881,0.266660,0.730499
1257.jpg,0.992771,0.005921,0.001075,0.000233
1258.jpg,0.000066,0.000007,0.008226,0.991701
1259.jpg,0.000717,0.998129,0.001060,0.000093
126.jpg,0.992408,0.000687,0.000690,0.006215
1260.jpg,0.000018,0.000022,0.000134,0.999827
1261.jpg,0.016962,0.981676,0.001315,0.000046
1262.jpg,0.002320,0.997648,0.000031,0.000001
1263.jpg,0.005367,0.000259,0.576704,0.417670
1264.jpg,0.004375,0.000308,0.851667,0.143651
1265.jpg,0.998148,0.001069,0.000275,0.000508
1266.jpg,0.000934,0.000448,0.225104,0.773515
1267.jpg,0.024295,0.969628,0.005999,0.000077
1268.jpg,0.000125,0.000073,0.031610,0.968192
1269.jpg,0.970194,0.024734,0.004902,0.000170
127.jpg,0.000145,0.008685,0.912759,0.078411
1270.jpg,0.998536,0.000989,0.000236,0.000238
1271.jpg,0.003053,0.001338,0.550367,0.445242
1272.jpg,0.003471,0.002316,0.601737,0.392476
1273.jpg,0.993265,0.006139,0.000472,0.000123
1274.jpg,0.999417,0.000268,0.000225,0.000090
1275.jpg,0.998847,0.000676,0.000207,0.000270
1276.jpg,0.050934,0.948846,0.000214,0.000006
1277.jpg,0.999112,0.000074,0.000769,0.000045
1278.jpg,0.997533,0.000480,0.000290,0.001696
1279.jpg,0.005500,0.994027,0.000465,0.000008
128.jpg,0.996236,0.002996,0.000747,0.000021
1280.jpg,0.098733,0.891329,0.008618,0.001320
1281.jpg,0.999584,0.000156,0.000179,0.000082
1282.jpg,0.000149,0.007382,0.029071,0.963398
1283.jpg,0.000181,0.000088,0.949015,0.050716
1284.jpg,0.999281,0.000187,0.000216,0.000315
1285.jpg,0.979260,0.010145,0.010473,0.000123
1286.jpg,0.000137,0.000035,0.001475,0.998353
1287.jpg,0.998111,0.000156,0.001258,0.000475
1288.jpg,0.013043,0.003009,0.555435,0.428513
1289.jpg,0.000183,0.000044,0.000646,0.999127
129.jpg,0.997665,0.001300,0.000365,0.000670
1290.jpg,0.000188,0.999509,0.000196,0.000108
1291.jpg,0.019911,0.933906,0.045979,0.000204
1292.jpg,0.997203,0.000348,0.000346,0.002103
1293.jpg,0.000693,0.000913,0.985145,0.013250
1294.jpg,0.000086,0.000462,0.003702,0.995750
1295.jpg,0.000011,0.000018,0.000010,0.999962
1296.jpg,0.000320,0.018990,0.224420,0.756271
1297.jpg,0.000753,0.040259,0.257834,0.701153
1298.jpg,0.999536,0.000353,0.000089,0.000023
1299.jpg,0.996238,0.000838,0.001106,0.001818
13.jpg,0.000209,0.997502,0.002204,0.000086
130.jpg,0.266259,0.728833,0.004794,0.000113
1300.jpg,0.029766,0.967279,0.002922,0.000033
1301.jpg,0.000017,0.000001,0.000133,0.999849
1302.jpg,0.989683,0.006092,0.003701,0.000524
1303.jpg,0.029336,0.884662,0.085940,0.000062
1304.jpg,0.000354,0.056779,0.477635,0.465232
1305.jpg,0.002667,0.004352,0.068744,0.924237
1306.jpg,0.988609,0.001412,0.009833,0.000146
1307.jpg,0.000471,0.999190,0.000307,0.000032
1308.jpg,0.001643,0.005203,0.603351,0.389803
1309.jpg,0.000258,0.025720,0.270800,0.703222
131.jpg,0.997915,0.000319,0.000957,0.000809
1310.jpg,0.000297,0.999147,0.000553,0.000004
1311.jpg,0.000012,0.000003,0.000169,0.999817
1312.jpg,0.990014,0.005325,0.001185,0.003475
1313.jpg,0.001330,0.972583,0.026018,0.000069
1314.jpg,0.009315,0.001156,0.988931,0.000599
1315.jpg,0.987723,0.011900,0.000373,0.000004
1316.jpg,0.001446,0.992065,0.005827,0.000662
1317.jpg,0.001367,0.997326,0.000973,0.000334
1318.jpg,0.997714,0.000289,0.000403,0.001593
1319.jpg,0.015214,0.973416,0.011215,0.000155
132.jpg,0.002914,0.000026,0.798407,0.198653
1320.jpg,0.000258,0.001301,0.055327,0.943114
1321.jpg,0.001727,0.011879,0.746989,0.239404
1322.jpg,0.000042,0.000003,0.001394,0.998561
1323.jpg,0.009941,0.981176,0.008651,0.000233
1324.jpg,0.000423,0.995356,0.004212,0.000010
1325.jpg,0.998143,0.001137,0.000595,0.000125
1326.jpg,0.000148,0.988332,0.009898,0.001622
1327.jpg,0.000740,0.008955,0.713406,0.276899
1328.jpg,0.000107,0.000109,0.028939,0.970846
1329.jpg,0.000083,0.006448,0.078917,0.914552
133.jpg,0.996613,0.001660,0.001280,0.000448
1330.jpg,0.996878,0.001037,0.000400,0.001686
1331.jpg,0.001347,0.998503,0.000145,0.000005
1332.jpg,0.998213,0.000278,0.000453,0.001056
1333.jpg,0.001233,0.096337,0.193745,0.708685
1334.jpg,0.998906,0.000198,0.000337,0.000560
1335.jpg,0.000024,0.005120,0.000654,0.994203
1336.jpg,0.000291,0.999460,0.000215,0.000033
1337.jpg,0.001408,0.006588,0.662007,0.329998
1338.jpg,0.984820,0.000867,0.002750,0.011562
1339.jpg,0.000112,0.998682,0.001087,0.000118
134.jpg,0.000011,0.000012,0.000025,0.999952
1340.jpg,0.000079,0.006759,0.916975,0.076187
1341.jpg,0.001835,0.997268,0.000817,0.000080
1342.jpg,0.997129,0.001555,0.001299,0.000016
1343.jpg,0.999190,0.000121,0.000340,0.000349
1344.jpg,0.997887,0.000045,0.000038,0.002030
1345.jpg,0.993975,0.002759,0.003152,0.000114
1346.jpg,0.999435,0.000176,0.000362,0.000027
1347.jpg,0.015159,0.978821,0.005966,0.000053
1348.jpg,0.012377,0.915506,0.063140,0.008978
1349.jpg,0.000230,0.999405,0.000320,0.000045
135.jpg,0.043542,0.954901,0.001369,0.000187
1350.jpg,0.006979,0.000346,0.048108,0.944566
1351.jpg,0.999396,0.000027,0.000052,0.000524
1352.jpg,0.665927,0.223888,0.109672,0.000513
1353.jpg,0.002482,0.007267,0.842435,0.147815
1354.jpg,0.066470,0.891249,0.042215,0.000067
1355.jpg,0.000335,0.026389,0.895090,0.078185
1356.jpg,0.000470,0.005550,0.484431,0.509548
1357.jpg,0.999689,0.000277,0.000028,0.000006
1358.jpg,0.995628,0.002129,0.001192,0.001050
1359.jpg,0.000852,0.998977,0.000168,0.000002
136.jpg,0.998839,0.000991,0.000132,0.000038
1360.jpg,0.000808,0.012536,0.946970,0.039687
1361.jpg,0.001447,0.013165,0.435289,0.550098
1362.jpg,0.001118,0.997479,0.001402,0.000001
1363.jpg,0.000074,0.000084,0.000450,0.999392
1364.jpg,0.000369,0.999594,0.000033,0.000005
1365.jpg,0.997755,0.000327,0.001712,0.000206
1366.jpg,0.000809,0.986605,0.012577,0.000008
1367.jpg,0.997552,0.001832,0.000504,0.000112
1368.jpg,0.000034,0.000146,0.012240,0.987579
1369.jpg,0.995466,0.003533,0.000824,0.000177
137.jpg,0.000104,0.998256,0.001581,0.000059
1370.jpg,0.000431,0.001996,0.985122,0.012451
1371.jpg,0.005720,0.000681,0.991508,0.002091
1372.jpg,0.002658,0.997254,0.000087,0.000001
1373.jpg,0.000003,0.000003,0.000310,0.999685
1374.jpg,0.042189,0.000472,0.956939,0.000399
1375.jpg,0.002213,0.997152,0.000502,0.000133
1376.jpg,0.000193,0.999234,0.000561,0.000012
1377.jpg,0.003349,0.032512,0.737309,0.226830
1378.jpg,0.000396,0.001395,0.270685,0.727524
1379.jpg,0.033883,0.001097,0.030918,0.934102
138.jpg,0.001566,0.008453,0.832178,0.157803
1380.jpg,0.106304,0.000694,0.887394,0.005608
1381.jpg,0.999373,0.000284,0.000307,0.000036
1382.jpg,0.000092,0.998678,0.001228,0.000003
1383.jpg,0.994326,0.004215,0.001316,0.000143
1384.jpg,0.002432,0.997064,0.000328,0.000176
1385.jpg,0.000751,0.022027,0.314141,0.663081
1386.jpg,0.003384,0.993464,0.003113,0.000040
1387.jpg,0.997627,0.001674,0.000404,0.000295
1388.jpg,0.000253,0.042412,0.327660,0.629675
1389.jpg,0.000628,0.000443,0.959532,0.039397
139.jpg,0.992427,0.001499,0.004404,0.001669
1390.jpg,0.008054,0.938205,0.053440,0.000301
1391.jpg,0.000033,0.000435,0.993883,0.005649
1392.jpg,0.029150,0.050902,0.486025,0.433923
1393.jpg,0.996682,0.002129,0.001113,0.000077
1394.jpg,0.000275,0.998432,0.001232,0.000061
1395.jpg,0.001008,0.998324,0.000662,0.000006
1396.jpg,0.998222,0.000371,0.001230,0.000176
1397.jpg,0.708101,0.190181,0.101581,0.000137
1398.jpg,0.725122,0.137585,0.136851,0.000441
1399.jpg,0.998250,0.000352,0.001317,0.000081
14.jpg,0.001280,0.011160,0.680581,0.306979
140.jpg,0.007470,0.991476,0.001043,0.000010
1400.jpg,0.001793,0.990768,0.007405,0.000034
1401.jpg,0.000606,0.999084,0.000310,0.000001
1402.jpg,0.000222,0.999731,0.000046,0.000001
1403.jpg,0.001003,0.041073,0.275760,0.682164
1404.jpg,0.000479,0.001252,0.051075,0.947194
1405.jpg,0.041272,0.698318,0.260093,0.000318
1406.jpg,0.001852,0.001016,0.887368,0.109765
1407.jpg,0.000031,0.000660,0.071549,0.927760
1408.jpg,0.036334,0.004394,0.958035,0.001236
1409.jpg,0.013976,0.981297,0.004567,0.000160
141.jpg,0.995746,0.003616,0.000571,0.000067
1410.jpg,0.000000,0.000001,0.000003,0.999996
1411.jpg,0.000198,0.043824,0.954218,0.001760
1412.jpg,0.016018,0.976099,0.007651,0.000232
1413.jpg,0.000096,0.000221,0.078557,0.921126
1414.jpg,0.988139,0.002701,0.008412,0.000748
1415.jpg,0.001331,0.998520,0.000102,0.000047
1416.jpg,0.000003,0.000219,0.007228,0.992550
1417.jpg,0.000509,0.995186,0.004078,0.000228
1418.jpg,0.000136,0.000067,0.994282,0.005515
1419.jpg,0.996478,0.000126,0.000766,0.002630
142.jpg,0.000500,0.995503,0.003988,0.000010
1420.jpg,0.996828,0.002844,0.000303,0.000026
1421.jpg,0.000104,0.000002,0.004866,0.995028
1422.jpg,0.002964,0.001449,0.984893,0.010695
1423.jpg,0.999664,0.000078,0.000190,0.000068
1424.jpg,0.000120,0.999701,0.000155,0.000024
1425.jpg,0.000052,0.000974,0.910908,0.088066
1426.jpg,0.000876,0.998788,0.000286,0.000051
1427.jpg,0.002518,0.996495,0.000558,0.000429
1428.jpg,0.000730,0.000231,0.001547,0.997492
1429.jpg,0.005817,0.018351,0.708981,0.266851
143.jpg,0.996651,0.003108,0.000098,0.000143
1430.jpg,0.001897,0.000492,0.993749,0.003862
1431.jpg,0.007909,0.869729,0.121465,0.000897
1432.jpg,0.911304,0.001655,0.070630,0.016411
1433.jpg,0.002190,0.000102,0.080217,0.917490
1434.jpg,0.999016,0.000447,0.000194,0.000342
1435.jpg,0.997431,0.000407,0.001149,0.001013
1436.jpg,0.001262,0.997448,0.001173,0.000117
1437.jpg,0.987384,0.007740,0.004245,0.000631
1438.jpg,0.000134,0.000784,0.132447,0.866635
1439.jpg,0.000474,0.009636,0.989634,0.000255
144.jpg,0.998262,0.000611,0.000715,0.000412
1440.jpg,0.005481,0.986365,0.008030,0.000124
1441.jpg,0.998368,0.000624,0.000261,0.000747
1442.jpg,0.000465,0.996966,0.002522,0.000047
1443.jpg,0.000175,0.000488,0.102003,0.897334
1444.jpg,0.000191,0.003125,0.993753,0.002931
1445.jpg,0.000224,0.999571,0.000191,0.000014
1446.jpg,0.998057,0.001634,0.000165,0.000144
1447.jpg,0.998291,0.000113,0.000414,0.001182
1448.jpg,0.996140,0.002198,0.001396,0.000266
1449.jpg,0.000381,0.009776,0.987760,0.002083
145.jpg,0.999715,0.000108,0.000117,0.000059
1450.jpg,0.000571,0.999021,0.000359,0.000050
1451.jpg,0.000309,0.022693,0.116169,0.860830
1452.jpg,0.001968,0.004392,0.465349,0.528290
1453.jpg,0.999265,0.000365,0.000280,0.000090
1454.jpg,0.849595,0.012059,0.076164,0.062181
1455.jpg,0.000308,0.064177,0.198010,0.737505
1456.jpg,0.001319,0.000508,0.000329,0.997843
1457.jpg,0.001350,0.997768,0.000874,0.000007
1458.jpg,0.000013,0.000029,0.000659,0.999300
1459.jpg,0.012902,0.976586,0.010336,0.000176
146.jpg,0.999348,0.000312,0.000137,0.000204
1460.jpg,0.000721,0.001181,0.093421,0.904678
1461.jpg,0.001549,0.994206,0.004128,0.000117
1462.jpg,0.998108,0.001079,0.000680,0.000133
1463.jpg,0.998925,0.000497,0.000522,0.000056
1464.jpg,0.001030,0.000101,0.688701,0.310168
1465.jpg,0.000612,0.001064,0.404882,0.593442
1466.jpg,0.000059,0.000128,0.033089,0.966724
1467.jpg,0.000107,0.000231,0.000194,0.999468
1468.jpg,0.001946,0.997931,0.000123,0.000001
1469.jpg,0.997826,0.000753,0.001314,0.000108
147.jpg,0.061792,0.935803,0.001732,0.000672
1470.jpg,0.000495,0.998757,0.000311,0.000436
1471.jpg,0.000298,0.999571,0.000071,0.000060
1472.jpg,0.986479,0.003447,0.006769,0.003304
1473.jpg,0.996888,0.000966,0.001500,0.000646
1474.jpg,0.997573,0.001492,0.000931,0.000005
1475.jpg,0.015637,0.021839,0.960848,0.001676
1476.jpg,0.994243,0.005438,0.000264,0.000055
1477.jpg,0.981021,0.008540,0.002910,0.007530
1478.jpg,0.000116,0.998946,0.000930,0.000009
1479.jpg,0.000019,0.998914,0.001053,0.000014
148.jpg,0.000130,0.000008,0.000050,0.999812
1480.jpg,0.000971,0.995903,0.003100,0.000026
1481.jpg,0.999326,0.000356,0.000164,0.000153
1482.jpg,0.999798,0.000108,0.000056,0.000037
1483.jpg,0.000005,0.000037,0.005246,0.994712
1484.jpg,0.997741,0.000582,0.000572,0.001105
1485.jpg,0.993200,0.006391,0.000321,0.000087
1486.jpg,0.000646,0.080531,0.371559,0.547264
1487.jpg,0.002264,0.996668,0.000940,0.000128
1488.jpg,0.000409,0.999377,0.000205,0.000009
1489.jpg,0.000096,0.999611,0.000290,0.000003
149.jpg,0.000551,0.999111,0.000270,0.000068
1490.jpg,0.000495,0.000539,0.000454,0.998512
1491.jpg,0.000803,0.991404,0.007745,0.000047
1492.jpg,0.000020,0.998333,0.000233,0.001414
1493.jpg,0.000198,0.000022,0.009701,0.990080
1494.jpg,0.000374,0.010640,0.285666,0.703321
1495.jpg,0.000809,0.000869,0.997374,0.000948
1496.jpg,0.000091,0.000646,0.980411,0.018851
1497.jpg,0.000031,0.000106,0.057757,0.942107
1498.jpg,0.001040,0.000860,0.992689,0.005412
1499.jpg,0.008544,0.990321,0.000914,0.000222
15.jpg,0.999300,0.000401,0.000195,0.000105
150.jpg,0.997133,0.000159,0.001335,0.001372
1500.jpg,0.995992,0.001987,0.000357,0.001664
1501.jpg,0.997707,0.001968,0.000258,0.000067
1502.jpg,0.003622,0.992339,0.004030,0.000009
1503.jpg,0.000522,0.999053,0.000418,0.000007
1504.jpg,0.009804,0.032155,0.752893,0.205148
1505.jpg,0.001855,0.998084,0.000060,0.000000
1506.jpg,0.000587,0.010938,0.345125,0.643351
1507.jpg,0.001361,0.000334,0.237831,0.760474
1508.jpg,0.999723,0.000123,0.000083,0.000071
1509.jpg,0.000177,0.998901,0.000915,0.000007
151.jpg,0.000159,0.999774,0.000055,0.000012
1510.jpg,0.000426,0.998837,0.000588,0.000149
1511.jpg,0.000833,0.000499,0.000120,0.998547
1512.jpg,0.000087,0.999116,0.000427,0.000370
1513.jpg,0.000066,0.999678,0.000252,0.000004
1514.jpg,0.007912,0.975105,0.016545,0.000438
1515.jpg,0.002135,0.018521,0.915218,0.064127
1516.jpg,0.000082,0.997182,0.002732,0.000004
1517.jpg,0.000475,0.988571,0.010818,0.000136
1518.jpg,0.000121,0.997848,0.001660,0.000370
1519.jpg,0.000368,0.995075,0.004290,0.000267
152.jpg,0.055709,0.941409,0.002338,0.000544
1520.jpg,0.999459,0.000484,0.000048,0.000008
1521.jpg,0.000081,0.999199,0.000715,0.000005
1522.jpg,0.999860,0.000088,0.000041,0.000011
1523.jpg,0.000313,0.043720,0.219686,0.736280
1524.jpg,0.018346,0.926758,0.054634,0.000262
1525.jpg,0.000015,0.000012,0.001349,0.998624
1526.jpg,0.013310,0.007297,0.528514,0.450880
1527.jpg,0.027874,0.956904,0.014476,0.000746
1528.jpg,0.000999,0.000812,0.464268,0.533921
1529.jpg,0.052479,0.102113,0.190426,0.654982
153.jpg,0.999488,0.000300,0.000145,0.000066
1530.jpg,0.000262,0.016316,0.143706,0.839716
1531.jpg,0.034221,0.958615,0.006346,0.000819
1532.jpg,0.007836,0.961300,0.030808,0.000056
1533.jpg,0.000093,0.000004,0.000603,0.999300
1534.jpg,0.991317,0.000707,0.007165,0.000812
1535.jpg,0.005246,0.994687,0.000051,0.000016
1536.jpg,0.990805,0.001315,0.007031,0.000849
1537.jpg,0.005043,0.992873,0.001955,0.000129
1538.jpg,0.958382,0.040456,0.000670,0.000492
1539.jpg,0.044808,0.000327,0.943104,0.011760
154.jpg,0.312789,0.126216,0.195549,0.365447
1540.jpg,0.000606,0.000790,0.336429,0.662175
1541.jpg,0.000058,0.000851,0.169309,0.829782
1542.jpg,0.000132,0.020893,0.255159,0.723815
1543.jpg,0.000082,0.000402,0.000237,0.999279
1544.jpg,0.991906,0.006065,0.001799,0.000230
1545.jpg,0.993665,0.001420,0.000821,0.004094
1546.jpg,0.958905,0.040769,0.000300,0.000026
1547.jpg,0.000212,0.000075,0.776024,0.223689
1548.jpg,0.000577,0.000096,0.002840,0.996487
1549.jpg,0.000005,0.000007,0.000014,0.999974
155.jpg,0.000352,0.000441,0.010379,0.988828
1550.jpg,0.000023,0.000737,0.030324,0.968916
1551.jpg,0.064070,0.935333,0.000594,0.000002
1552.jpg,0.000007,0.000009,0.000117,0.999867
1553.jpg,0.000663,0.000166,0.157872,0.841300
1554.jpg,0.047407,0.921405,0.030492,0.000696
1555.jpg,0.000168,0.002662,0.164670,0.832500
1556.jpg,0.000065,0.995269,0.004606,0.000060
1557.jpg,0.999069,0.000241,0.000241,0.000450
1558.jpg,0.000137,0.985068,0.014668,0.000126
1559.jpg,0.000356,0.000629,0.002313,0.996702
156.jpg,0.000424,0.044309,0.476212,0.479055
1560.jpg,0.000022,0.000007,0.000094,0.999878
1561.jpg,0.000707,0.994960,0.003441,0.000892
1562.jpg,0.008836,0.991033,0.000104,0.000028
1563.jpg,0.032417,0.936853,0.030083,0.000647
1564.jpg,0.002321,0.001193,0.978361,0.018125
1565.jpg,0.979109,0.006746,0.000573,0.013572
1566.jpg,0.000688,0.000208,0.639085,0.360019
1567.jpg,0.001257,0.998717,0.000022,0.000004
1568.jpg,0.000536,0.068542,0.419737,0.511185
1569.jpg,0.000546,0.000119,0.008146,0.991190
157.jpg,0.975605,0.005406,0.007177,0.011812
1570.jpg,0.475233,0.444792,0.070079,0.009896
1571.jpg,0.000331,0.000379,0.130183,0.869108
1572.jpg,0.000003,0.000025,0.999082,0.000890
1573.jpg,0.000409,0.996867,0.002649,0.000074
1574.jpg,0.024751,0.972057,0.003084,0.000108
1575.jpg,0.077468,0.837958,0.084459,0.000115
1576.jpg,0.980856,0.000417,0.018312,0.000416
1577.jpg,0.999064,0.000238,0.000465,0.000233
1578.jpg,0.000642,0.997199,0.002087,0.000072
1579.jpg,0.000012,0.000176,0.000196,0.999616
158.jpg,0.001426,0.996057,0.002334,0.000182
1580.jpg,0.000304,0.000027,0.053882,0.945788
1581.jpg,0.995440,0.003413,0.001084,0.000062
1582.jpg,0.000336,0.999289,0.000268,0.000106
1583.jpg,0.000281,0.019487,0.134689,0.845544
1584.jpg,0.000581,0.999354,0.000061,0.000003
1585.jpg,0.053716,0.921733,0.024503,0.000048
1586.jpg,0.986340,0.009738,0.003690,0.000232
1587.jpg,0.007060,0.000461,0.707185,0.285294
1588.jpg,0.983928,0.006837,0.009214,0.000021
1589.jpg,0.985269,0.007243,0.007183,0.000305
159.jpg,0.997093,0.002311,0.000560,0.000036
1590.jpg,0.147773,0.850909,0.001068,0.000250
1591.jpg,0.000194,0.999188,0.000616,0.000001
1592.jpg,0.987069,0.001233,0.000384,0.011315
1593.jpg,0.000031,0.000008,0.001817,0.998144
1594.jpg,0.000257,0.992952,0.005263,0.001528
1595.jpg,0.996108,0.002149,0.001204,0.000539
1596.jpg,0.000054,0.001047,0.992719,0.006180
1597.jpg,0.000434,0.998754,0.000799,0.000012
1598.jpg,0.000576,0.997638,0.001784,0.000002
1599.jpg,0.000560,0.001123,0.588666,0.409651
16.jpg,0.998395,0.000914,0.000602,0.000089
160.jpg,0.856812,0.011973,0.131152,0.000063
1600.jpg,0.011125,0.988559,0.000290,0.000026
1601.jpg,0.005520,0.000213,0.002159,0.992108
1602.jpg,0.441211,0.525789,0.030897,0.002102
1603.jpg,0.000328,0.002690,0.609210,0.387772
1604.jpg,0.055588,0.077534,0.866292,0.000586
1605.jpg,0.000099,0.000004,0.000616,0.999282
1606.jpg,0.001838,0.004639,0.879110,0.114413
1607.jpg,0.002645,0.995551,0.001554,0.000250
1608.jpg,0.001239,0.005637,0.991700,0.001423
1609.jpg,0.000322,0.004210,0.988966,0.006501
161.jpg,0.003124,0.950993,0.045829,0.000054
1610.jpg,0.000101,0.000058,0.074076,0.925765
1611.jpg,0.723459,0.274113,0.001360,0.001069
1612.jpg,0.005294,0.994614,0.000092,0.000000
1613.jpg,0.000076,0.999767,0.000133,0.000024
1614.jpg,0.002129,0.992599,0.005231,0.000040
1615.jpg,0.000600,0.987566,0.010103,0.001730
1616.jpg,0.002785,0.996886,0.000323,0.000006
1617.jpg,0.000122,0.000212,0.201837,0.797829
1618.jpg,0.001006,0.007012,0.656532,0.335450
1619.jpg,0.000078,0.000102,0.001123,0.998697
162.jpg,0.994607,0.004693,0.000611,0.000089
1620.jpg,0.000272,0.999591,0.000133,0.000004
1621.jpg,0.001492,0.000194,0.637157,0.361157
1622.jpg,0.028102,0.000223,0.014571,0.957104
1623.jpg,0.000745,0.997329,0.001892,0.000035
1624.jpg,0.005604,0.392363,0.601091,0.000942
1625.jpg,0.055622,0.203846,0.740003,0.000529
1626.jpg,0.739844,0.248949,0.010947,0.000260
1627.jpg,0.000074,0.000106,0.008060,0.991759
1628.jpg,0.000850,0.067775,0.694820,0.236555
1629.jpg,0.011511,0.936192,0.051768,0.000529
163.jpg,0.998643,0.000368,0.000654,0.000335
1630.jpg,0.001962,0.001765,0.606018,0.390255
1631.jpg,0.000025,0.000163,0.001462,0.998351
1632.jpg,0.001257,0.998083,0.000660,0.000000
1633.jpg,0.000539,0.997352,0.002106,0.000002
1634.jpg,0.015420,0.000788,0.963283,0.020510
1635.jpg,0.000154,0.989021,0.010785,0.000040
1636.jpg,0.005666,0.989170,0.005113,0.000051
1637.jpg,0.001960,0.997649,0.000312,0.000078
1638.jpg,0.000057,0.999902,0.000040,0.000001
1639.jpg,0.000047,0.000652,0.000721,0.998579
164.jpg,0.002486,0.012983,0.738835,0.245697
1640.jpg,0.000706,0.000117,0.187412,0.811765
1641.jpg,0.000836,0.001128,0.038962,0.959075
1642.jpg,0.001591,0.995693,0.002674,0.000042
1643.jpg,0.001482,0.997102,0.001407,0.000009
1644.jpg,0.000383,0.000106,0.014034,0.985476
1645.jpg,0.001087,0.998834,0.000079,0.000000
1646.jpg,0.001601,0.995905,0.002242,0.000252
1647.jpg,0.000744,0.996344,0.002861,0.000051
1648.jpg,0.000551,0.000028,0.138786,0.860634
1649.jpg,0.001000,0.153614,0.748053,0.097333
165.jpg,0.998896,0.000491,0.000399,0.000213
1650.jpg,0.001426,0.018902,0.369423,0.610248
1651.jpg,0.090819,0.907460,0.001715,0.000006
1652.jpg,0.740766,0.208958,0.049317,0.000959
1653.jpg,0.000133,0.000399,0.531760,0.467709
1654.jpg,0.005174,0.989556,0.004820,0.000450
1655.jpg,0.025939,0.731852,0.240105,0.002104
1656.jpg,0.003701,0.994998,0.001288,0.000014
1657.jpg,0.491592,0.506384,0.001781,0.000243
1658.jpg,0.000959,0.998888,0.000098,0.000056
1659.jpg,0.000218,0.999586,0.000192,0.000004
166.jpg,0.000301,0.998486,0.000066,0.001147
1660.jpg,0.004208,0.017334,0.944333,0.034124
1661.jpg,0.000105,0.005119,0.041011,0.953765
1662.jpg,0.003880,0.000426,0.989626,0.006067
1663.jpg,0.000182,0.000235,0.028258,0.971325
1664.jpg,0.000107,0.996457,0.003410,0.000026
1665.jpg,0.000450,0.999140,0.000405,0.000005
1666.jpg,0.004496,0.994264,0.001202,0.000038
1667.jpg,0.038105,0.021140,0.057596,0.883159
1668.jpg,0.005953,0.824259,0.169686,0.000102
1669.jpg,0.014489,0.606131,0.347249,0.032131
167.jpg,0.107694,0.885770,0.006535,0.000002
1670.jpg,0.002097,0.025959,0.271210,0.700734
1671.jpg,0.005374,0.006620,0.977699,0.010306
1672.jpg,0.000733,0.002687,0.370011,0.626569
1673.jpg,0.000054,0.999069,0.000830,0.000046
1674.jpg,0.000085,0.001556,0.594427,0.403932
1675.jpg,0.000027,0.996876,0.002663,0.000434
1676.jpg,0.000410,0.000242,0.063572,0.935777
1677.jpg,0.000045,0.000047,0.000064,0.999844
1678.jpg,0.000767,0.003161,0.217986,0.778086
1679.jpg,0.010815,0.044793,0.943636,0.000756
168.jpg,0.000072,0.000597,0.027871,0.971461
1680.jpg,0.006121,0.001565,0.007521,0.984793
1681.jpg,0.002739,0.996140,0.001083,0.000037
1682.jpg,0.019669,0.963939,0.015323,0.001069
1683.jpg,0.000230,0.998743,0.000984,0.000043
1684.jpg,0.002028,0.997229,0.000682,0.000060
1685.jpg,0.131128,0.865515,0.003316,0.000040
1686.jpg,0.000774,0.990096,0.008994,0.000136
1687.jpg,0.001382,0.994502,0.003895,0.000221
1688.jpg,0.000833,0.998980,0.000155,0.000032
1689.jpg,0.205822,0.788870,0.003754,0.001555
169.jpg,0.982585,0.000948,0.014541,0.001926
1690.jpg,0.000100,0.000084,0.006206,0.993609
1691.jpg,0.002674,0.997073,0.000253,0.000001
1692.jpg,0.000917,0.072380,0.183895,0.742808
1693.jpg,0.000017,0.001754,0.000158,0.998071
1694.jpg,0.000996,0.998766,0.000164,0.000074
1695.jpg,0.000790,0.000961,0.917872,0.080378
1696.jpg,0.000499,0.014342,0.657311,0.327849
1697.jpg,0.007730,0.010681,0.318510,0.663079
1698.jpg,0.003188,0.001136,0.868225,0.127451
1699.jpg,0.000042,0.995083,0.004841,0.000034
17.jpg,0.000241,0.042655,0.142279,0.814826
170.jpg,0.000682,0.000056,0.000811,0.998451
1700.jpg,0.000889,0.000244,0.735051,0.263816
1701.jpg,0.002323,0.000024,0.331568,0.666085
1702.jpg,0.000035,0.006728,0.259429,0.733807
1703.jpg,0.004145,0.001749,0.574331,0.419774
1704.jpg,0.000018,0.000153,0.001821,0.998008
1705.jpg,0.000442,0.000145,0.007605,0.991809
1706.jpg,0.004489,0.000018,0.001929,0.993564
1707.jpg,0.000004,0.000003,0.000032,0.999962
1708.jpg,0.000016,0.000075,0.000212,0.999697
1709.jpg,0.000971,0.030291,0.615666,0.353072
171.jpg,0.473348,0.004587,0.520806,0.001259
1710.jpg,0.000001,0.000006,0.000438,0.999555
172.jpg,0.130297,0.358955,0.509820,0.000928
173.jpg,0.999703,0.000192,0.000073,0.000033
174.jpg,0.000905,0.986569,0.012413,0.000113
175.jpg,0.001087,0.060635,0.136723,0.801555
176.jpg,0.000094,0.002217,0.419609,0.578079
177.jpg,0.000386,0.999534,0.000075,0.000004
178.jpg,0.001657,0.000183,0.126848,0.871312
179.jpg,0.001338,0.998033,0.000579,0.000049
18.jpg,0.998001,0.001630,0.000337,0.000031
180.jpg,0.000200,0.998953,0.000488,0.000359
181.jpg,0.998670,0.000677,0.000092,0.000561
182.jpg,0.000550,0.999289,0.000160,0.000001
183.jpg,0.002833,0.996861,0.000266,0.000040
184.jpg,0.000141,0.001203,0.431203,0.567452
185.jpg,0.026321,0.000012,0.005987,0.967680
186.jpg,0.997514,0.001481,0.000700,0.000305
187.jpg,0.000374,0.000019,0.140580,0.859027
188.jpg,0.000149,0.000086,0.005281,0.994484
189.jpg,0.008053,0.991230,0.000716,0.000000
19.jpg,0.000310,0.000471,0.000821,0.998398
190.jpg,0.001507,0.996459,0.001997,0.000037
191.jpg,0.003831,0.001770,0.194119,0.800279
192.jpg,0.999295,0.000264,0.000127,0.000314
193.jpg,0.997261,0.000330,0.002263,0.000146
194.jpg,0.000373,0.997928,0.001698,0.000001
195.jpg,0.993539,0.005666,0.000700,0.000095
196.jpg,0.995858,0.003477,0.000114,0.000551
197.jpg,0.003279,0.994911,0.001658,0.000152
198.jpg,0.998668,0.000331,0.000967,0.000034
199.jpg,0.003724,0.000895,0.971162,0.024218
2.jpg,0.001037,0.140963,0.436134,0.421866
20.jpg,0.999690,0.000133,0.000134,0.000043
200.jpg,0.004554,0.994816,0.000428,0.000201
201.jpg,0.003692,0.989356,0.006801,0.000150
202.jpg,0.178472,0.815712,0.004122,0.001694
203.jpg,0.968054,0.001411,0.030166,0.000368
204.jpg,0.480361,0.510452,0.003575,0.005612
205.jpg,0.997057,0.001233,0.001101,0.000610
206.jpg,0.998824,0.000218,0.000166,0.000792
207.jpg,0.992662,0.004458,0.001400,0.001480
208.jpg,0.000168,0.999400,0.000082,0.000350
209.jpg,0.000412,0.996413,0.003157,0.000018
21.jpg,0.021444,0.977458,0.001086,0.000013
210.jpg,0.000031,0.000003,0.003364,0.996602
211.jpg,0.001434,0.994846,0.003648,0.000073
212.jpg,0.000228,0.003288,0.934888,0.061596
213.jpg,0.000325,0.003249,0.996056,0.000370
214.jpg,0.001429,0.998251,0.000293,0.000027
215.jpg,0.999827,0.000090,0.000032,0.000050
216.jpg,0.285358,0.699345,0.015086,0.000212
217.jpg,0.004215,0.994140,0.001263,0.000381
218.jpg,0.892057,0.104932,0.002859,0.000152
219.jpg,0.000005,0.000024,0.000041,0.999930
22.jpg,0.999406,0.000408,0.000060,0.000126
220.jpg,0.000109,0.000248,0.464449,0.535195
221.jpg,0.000677,0.999136,0.000186,0.000001
222.jpg,0.027568,0.957770,0.014563,0.000099
223.jpg,0.003094,0.989697,0.007120,0.000089
224.jpg,0.000009,0.000003,0.000058,0.999931
225.jpg,0.000185,0.000115,0.993659,0.006041
226.jpg,0.000053,0.998967,0.000179,0.000800
227.jpg,0.000058,0.999887,0.000050,0.000005
228.jpg,0.998799,0.000517,0.000581,0.000103
229.jpg,0.000693,0.000064,0.426589,0.572654
23.jpg,0.000379,0.051275,0.472513,0.475833
230.jpg,0.000324,0.999562,0.000100,0.000014
231.jpg,0.002463,0.021013,0.428939,0.547585
232.jpg,0.000157,0.000055,0.141116,0.858672
233.jpg,0.002292,0.000330,0.933895,0.063483
234.jpg,0.001532,0.000052,0.777624,0.220792
235.jpg,0.000591,0.999085,0.000187,0.000137
236.jpg,0.000069,0.997168,0.002650,0.000112
237.jpg,0.995827,0.002885,0.001207,0.000081
238.jpg,0.000198,0.000526,0.579438,0.419838
239.jpg,0.991616,0.000671,0.007573,0.000140
24.jpg,0.000103,0.000150,0.992075,0.007672
240.jpg,0.000063,0.999496,0.000424,0.000017
241.jpg,0.000036,0.000082,0.004435,0.995448
242.jpg,0.997287,0.001645,0.000656,0.000412
243.jpg,0.998813,0.000447,0.000482,0.000257
